kinematics:
  shoulder:
    x: 0
    y: 0
    z: 0.16253226398180012
    roll: -0
    pitch: 0
    yaw: -7.1794258760249363e-08
  upper_arm:
    x: -2.3808570077777268e-05
    y: 0
    z: 0
    roll: 1.5713014259253728
    pitch: 0
    yaw: -3.8612622220497972e-06
  forearm:
    x: -0.42522575637460375
    y: 0
    z: 0
    roll: 3.1357702059896595
    pitch: -3.140451725722718
    yaw: -3.1415912005205824
  wrist_1:
    x: -0.39259354347267911
    y: -0.0001461109894466032
    z: 0.13314341097303659
    roll: 0.0010973951300040819
    pitch: -0.0012066145844814313
    yaw: -2.708919069697984e-06
  wrist_2:
    x: -9.7829408099166739e-05
    y: -0.099745478946239335
    z: 0.00010140441333566061
    roll: 1.5697796954701309
    pitch: 0
    yaw: 4.5997092823860664e-06
  wrist_3:
    x: 7.9143154569039179e-05
    y: 0.099635613940981888
    z: 0.00015352355112515192
    roll: 1.5723371757298641
    pitch: 3.1415926535897931
    yaw: 3.1415925389615835
  hash: calib_8843360481190260273